1241502097638
0
-0.35507
1241502097639
1
-0.05188
1241502097641
2
1.16196
1241502097646
1
-0.04974
1241502097649
2
1.16394
1241502097662
2
1.16074
1241502097694
2
1.16302
1241502097726
2
1.1676
1241502097742
2
1.1615
1241502097774
2
1.16302
1241502097806
2
1.16089
1241502097854
2
1.15875
1241502097886
2
1.16394
1241502097918
2
1.15692
1241502097934
2
1.16394
1241502097966
2
1.16241
1241502098014
2
1.16425
1241502098046
2
1.16989
1241502098078
2
1.16501
1241502098110
2
1.16058
1241502098126
2
1.1586
1241502098190
2
1.15662
1241502098238
2
1.16486
1241502098270
2
1.16135
1241502098286
2
1.16318
1241502098318
2
1.16043
1241502098350
2
1.1586
1241502098366
2
1.15555
1241502098398
2
1.15891
1241502098478
2
1.16394
1241502098510
2
1.16257
1241502098542
2
1.16028
1241502098590
2
1.16241
1241502098622
2
1.16394
1241502098638
2
1.16028
1241502098670
2
1.16165
1241502098702
2
1.16287
1241502098718
2
1.16104
1241502098782
2
1.15891
1241502098814
2
1.16531
1241502098830
2
1.16257
1241502098862
2
1.15967
1241502098910
2
1.15829
1241502098942
2
1.1557
1241502098974
2
1.16074
1241502099022
2
1.15906
1241502099054
2
1.16318
1241502099102
2
1.15982
1241502099134
2
1.16211
1241502099166
2
1.16974
1241502099182
2
1.16165
1241502099246
2
1.16302
1241502099262
2
1.15738
1241502099294
2
1.00815
1241502099327
2
1.37268
1241502099342
2
1.27243
1241502099358
1
-0.27328
1241502099374
2
1.19934
1241502099390
1
-0.00793
1241502099406
2
1.30768
1241502099422
2
1.22314
1241502099454
2
1.18469
1241502099486
2
1.15082
1241502099518
2
1.27838
1241502099534
2
1.04752
1241502099566
2
1.2886
1241502099598
2
1.12137
1241502099614
2
1.0817
1241502099646
2
1.14502
1241502099678
2
1.10641
1241502099694
2
1.13907
1241502099726
2
0.9816
1241502099742
1
0.2832
1241502099758
1
0.7576
1241502099758
2
1.04355
1241502099774
0
-0.09796
1241502099774
2
1.31241
1241502099790
1
0.02548
1241502099806
2
1.07208
1241502099822
1
-0.60257
1241502099838
1
0.40802
1241502099839
2
1.07681
1241502099854
0
-0.67307
1241502099870
1
-0.06317
1241502099871
2
0.88882
1241502099886
2
1.42944
1241502099918
2
1.18423
1241502099950
1
0.14877
1241502099951
2
1.02081
1241502099966
2
1.09344
1241502099982
0
-0.45456
1241502099998
2
1.21658
1241502100030
2
1.28693
1241502100046
2
1.22986
1241502100078
2
0.93414
1241502100110
2
1.13846
1241502100126
2
1.07178
1241502100158
0
-0.1889
1241502100159
2
1.1116
1241502100190
2
1.1322
1241502100222
2
1.11786
1241502100238
2
1.10413
1241502100254
0
0.04211
1241502100270
2
1.17416
1241502100303
2
1.12167
1241502100318
0
-0.19119
1241502100319
2
1.08704
1241502100350
2
1.15707
1241502100382
2
1.21368
1241502100398
0
0.05508
1241502100398
2
1.16806
1241502100430
2
1.09314
1241502100446
0
-0.20599
1241502100462
2
1.21841
1241502100478
2
1.13403
1241502100494
1
-0.07813
1241502100510
2
1.15707
1241502100542
2
1.14151
1241502100590
2
1.17981
1241502100622
2
1.14609
1241502100654
2
1.05927
1241502100670
2
1.353
1241502100702
2
1.2149
1241502100734
2
1.35956
1241502100750
2
1.37344
1241502100782
2
1.32446
1241502100814
2
1.16562
1241502100830
2
0.99487
1241502100846
1
-0.28656
1241502100862
2
1.21414
1241502100894
2
0.97473
1241502100910
0
0.09964
1241502100926
2
0.98831
1241502100942
2
1.1528
1241502100974
2
1.18195
1241502101006
2
1.2178
1241502101022
2
1.17035
1241502101054
2
1.19751
1241502101086
2
1.17157
1241502101102
2
1.13968
1241502101134
2
1.17676
1241502101166
1
-0.01617
1241502101166
2
1.14655
1241502101182
2
1.09787
1241502101214
2
1.11267
1241502101246
2
1.21872
1241502101278
2
1.30066
1241502101294
2
1.18744
1241502101326
2
1.20789
1241502101358
2
1.16287
1241502101374
2
1.22421
1241502101406
2
1.19125
1241502101422
0
-0.16541
1241502101438
2
1.34659
1241502101454
0
0.12726
1241502101455
2
1.38168
1241502101486
2
1.20712
1241502101502
1
0.1973
1241502101518
2
1.29349
1241502101534
2
1.21201
1241502101566
2
1.1702
1241502101598
2
1.16638
1241502101630
1
-0.01678
1241502101630
2
1.10489
1241502101646
2
1.0849
1241502101678
2
1.20758
1241502101710
2
1.21506
1241502101726
0
-0.10101
1241502101726
2
1.14426
1241502101758
2
1.18408
1241502101790
2
1.21994
1241502101806
2
1.15768
1241502101838
2
1.09283
1241502101870
2
1.14365
1241502101886
2
1.2059
1241502101918
2
1.21429
1241502101950
2
1.15204
1241502101982
2
1.2056
1241502101998
2
1.16455
1241502102030
2
1.1824
1241502102046
1
-0.22369
1241502102062
2
1.19873
1241502102078
0
-0.49469
1241502102078
2
1.11938
1241502102094
1
-0.44464
1241502102110
2
1.26236
1241502102142
2
1.16348
1241502102158
2
1.22787
1241502102190
2
1.18896
1241502102222
2
1.2291
1241502102238
0
-0.2655
1241502102238
2
1.1731
1241502102270
2
1.13937
1241502102302
1
-0.23956
1241502102302
2
1.12915
1241502102334
2
1.0553
1241502102350
2
1.12427
1241502102382
2
1.09848
1241502102414
2
1.26053
1241502102430
2
1.16287
1241502102462
2
1.14655
1241502102478
0
0.04486
1241502102494
2
1.29074
1241502102510
2
1.14563
1241502102542
2
1.30875
1241502102574
2
1.20712
1241502102606
2
1.16028
1241502102622
2
1.33682
1241502102654
2
1.38336
1241502102686
2
1.08673
1241502102702
2
1.18149
1241502102734
2
1.18439
1241502102766
2
1.14563
1241502102782
2
1.05164
1241502102814
2
0.86044
1241502102846
1
0.17685
1241502102846
2
0.65842
1241502102862
0
0.29999
1241502102862
2
0.44006
1241502102878
1
-0.0769
1241502102894
2
0.32486
1241502102926
1
-0.51605
1241502102926
2
0.57098
1241502102942
0
-0.12741
1241502102958
1
0.93658
1241502102958
2
2.45285
1241502102974
0
-1.57562
1241502102974
2
2.46567
1241502102990
0
-0.81543
1241502102990
1
0.0441
1241502103006
1
-0.16235
1241502103006
2
2.08298
1241502103038
2
1.62384
1241502103054
0
-0.34378
1241502103054
2
1.36841
1241502103086
2
1.25885
1241502103118
2
1.17615
1241502103134
2
1.08994
1241502103166
2
1.04141
1241502103182
0
-0.10941
1241502103198
2
1.13586
1241502103214
2
1.13037
1241502103246
2
1.16104
1241502103278
2
1.10291
1241502103310
2
1.08658
1241502103326
2
1.19751
1241502103358
2
1.20041
1241502103390
2
1.18256
1241502103406
2
1.20682
1241502103422
0
0.11169
1241502103438
2
1.17935
1241502103470
2
1.06583
1241502103486
2
1.12305
1241502103518
2
1.13464
1241502103550
2
1.15341
1241502103566
2
1.13098
1241502103598
2
1.19217
1241502103630
2
1.13251
1241502103662
2
1.11725
1241502103678
2
1.06537
1241502103710
2
1.11252
1241502103742
2
1.07376
1241502103758
2
1.06079
1241502103790
2
0.96237
1241502103806
1
0.30563
1241502103822
1
0.65369
1241502103822
2
1.06735
1241502103838
2
1.10062
1241502103870
2
1.13052
1241502103886
1
0.35233
1241502103902
2
0.7634
1241502103918
2
0.7605
1241502103934
1
-0.18402
1241502103950
2
0.52307
1241502103966
0
-0.50552
1241502103982
2
0.74036
1241502104014
1
-0.61188
1241502104014
2
0.7164
1241502104030
0
-0.96863
1241502104042
2
0.24384
1241502104046
0
-1.68045
1241502104046
1
-0.05966
1241502104062
1
1.00861
1241502104062
2
1.62338
1241502104094
2
2.92068
1241502104110
0
-1.88171
1241502104110
2
1.29715
1241502104126
0
-0.9758
1241502104126
1
0.32272
1241502104142
2
1.37894
1241502104158
0
-0.40176
1241502104158
1
-0.23544
1241502104174
1
-0.62393
1241502104174
2
0.26062
1241502104190
0
0.45242
1241502104190
2
1.3414
1241502104222
0
-0.42297
1241502104222
2
1.56326
1241502104238
0
-0.97183
1241502104238
1
-0.24643
1241502104254
2
1.51581
1241502104270
2
1.00555
1241502104302
0
-0.64926
1241502104302
2
1.16379
1241502104318
0
-0.29968
1241502104334
1
-0.45303
1241502104334
2
1.24405
1241502104366
2
1.01669
1241502104382
0
-0.58746
1241502104382
2
1.15128
1241502104414
2
1.04965
1241502104430
0
-0.32944
1241502104446
2
1.04706
1241502104462
2
0.89798
1241502104494
2
1.11252
1241502104510
0
-0.11826
1241502104526
2
1.03333
1241502104542
2
0.95032
1241502104574
2
1.03302
1241502104590
0
0.08224
1241502104606
2
1.17889
1241502104622
2
0.88531
1241502104654
2
0.87997
1241502104670
0
0.57709
1241502104670
1
-0.20126
1241502104686
2
0.75027
1241502104702
0
0.31143
1241502104718
2
1.03226
1241502104734
0
0.83084
1241502104734
2
0.74219
1241502104766
2
0.97992
1241502104782
0
0.60394
1241502104798
2
1.05103
1241502104814
2
0.89432
1241502104846
2
0.92026
1241502104878
2
0.92346
1241502104926
2
0.96405
1241502104942
0
0.34607
1241502104958
2
0.9433
1241502104974
2
1.14243
1241502105006
2
1.08719
1241502105038
2
1.00464
1241502105070
1
-0.41565
1241502105070
2
0.9082
1241502105086
2
1.0614
1241502105102
0
0.13687
1241502105118
2
0.95337
1241502105150
2
1.06354
1241502105166
2
0.97382
1241502105198
2
0.98618
1241502105214
1
-0.6311
1241502105230
2
1.06171
1241502105246
2
1.30951
1241502105278
2
0.35797
1241502105294
0
-0.06927
1241502105310
1
-0.36804
1241502105310
2
0.74585
1241502105326
0
-0.27298
1241502105326
2
0.89493
1241502105358
0
-0.05981
1241502105358
2
0.44525
1241502105374
0
0.14206
1241502105374
1
-0.87692
1241502105390
2
0.46127
1241502105406
0
0.38361
1241502105422
1
-0.47104
1241502105422
2
0.8316
1241502105438
0
-0.32455
1241502105438
2
0.9259
1241502105454
0
-0.07248
1241502105470
2
0.75302
1241502105502
2
0.4921
1241502105518
2
0.33691
1241502105550
2
0.2594
1241502105582
1
-0.25757
1241502105582
2
0.49149
1241502105598
0
-0.3653
1241502105598
2
0.81421
1241502105614
1
0.14175
1241502105630
2
0.86975
1241502105662
1
0.59341
1241502105662
2
1.20789
1241502105678
0
-0.77347
1241502105678
2
1.13342
1241502105694
1
0.86792
1241502105710
2
1.75858
1241502105726
1
0.52063
1241502105742
1
0.13458
1241502105742
2
2.0192
1241502105774
2
0.95657
1241502105790
2
1.21201
1241502105806
0
-0.336
1241502105822
2
1.17325
1241502105854
1
0.38757
1241502105854
2
1.25137
1241502105870
2
1.3385
1241502105902
2
1.18729
1241502105934
2
1.31577
1241502105950
2
0.92545
1241502105982
2
1.23978
1241502106014
1
0.13992
1241502106014
2
1.1618
1241502106030
2
0.90332
1241502106062
0
-0.5426
1241502106062
2
0.9343
1241502106094
2
1.77032
1241502106110
0
-0.16937
1241502106126
2
1.38809
1241502106142
2
1.21368
1241502106158
0
-0.4248
1241502106174
1
-0.18387
1241502106174
2
1.19598
1241502106206
2
0.93216
1241502106222
2
0.77881
1241502106238
0
-1.12289
1241502106254
2
0.62332
1241502106270
0
-0.72357
1241502106270
1
0.14816
1241502106286
2
-0.504
1241502106302
2
-0.06088
1241502106318
1
-0.05508
1241502106334
2
3.1
1241502106350
1
0.31998
1241502106366
2
1.63986
1241502106382
2
0.83374
1241502106398
1
0.08484
1241502106414
2
0.93048
1241502106446
2
1.02982
1241502106462
0
-0.95154
1241502106462
2
0.99518
1241502106494
2
0.79773
1241502106526
2
0.72052
1241502106558
2
0.8609
1241502106574
2
0.8989
1241502106606
2
1.16196
1241502106638
2
0.89355
1241502106654
2
1.11008
1241502106670
0
-0.73929
1241502106686
2
0.86761
1241502106718
1
-0.13229
1241502106734
2
0.95734
1241502106766
2
0.86533
1241502106798
2
0.81146
1241502106830
2
0.76385
1241502106846
0
-0.52917
1241502106846
2
0.71457
1241502106878
1
-0.38605
1241502106878
2
0.76523
1241502106894
0
-0.24826
1241502106910
2
0.70221
1241502106926
2
0.6958
1241502106958
2
0.58823
1241502106990
1
-0.62119
1241502106990
2
0.61768
1241502107006
2
0.83694
1241502107022
0
-0.49622
1241502107038
2
0.77072
1241502107242
0
-0.71457
1241502107243
1
-0.34821
1241502107243
2
0.96848
1241502107244
2
1.02066
1241502107244
1
-0.09033
1241502107244
2
1.07391
1241502107245
0
-0.41565
1241502107245
1
0.11963
1241502107245
2
0.89554
1241502107246
2
0.9462
1241502107246
1
-0.20126
1241502107246
2
1.05637
1241502107247
1
0.05295
1241502107247
2
1.11664
1241502107262
2
0.93796
1241502107278
0
-0.66147
1241502107278
2
0.94894
1241502107310
2
0.87128
1241502107342
2
1.04965
1241502107358
0
-1.02386
1241502107358
2
1.31958
1241502107390
2
1.22925
1241502107406
0
-0.74585
1241502107422
2
1.22253
1241502107438
2
1.1322
1241502107470
2
1.21399
1241502107502
2
1.05301
1241502107518
2
0.97885
1241502107550
2
1.0144
1241502107582
2
0.86914
1241502107614
2
0.33051
1241502107630
0
-0.36972
1241502107630
2
0.75851
1241502107646
0
-0.95459
1241502107662
2
1.44852
1241502107678
0
-1.17142
1241502107678
1
0.36484
1241502107694
2
1.26358
1241502107710
0
-0.75653
1241502107710
2
0.83282
1241502107726
1
0.14359
1241502107742
2
0.6842
1241502107774
2
0.76035
1241502107790
2
0.93323
1241502107806
1
0.46509
1241502107822
2
0.42526
1241502107838
1
-0.23834
1241502107854
1
-0.02136
1241502107854
2
1.00357
1241502107886
1
-0.64423
1241502107886
2
1.12
1241502107902
2
1.42365
1241502107918
1
-0.05371
1241502107934
2
0.51636
1241502107966
2
1.02997
1241502107982
2
0.70602
1241502107998
1
0.24765
1241502108014
2
0.69885
1241502108046
1
0.50629
1241502108046
2
1.26556
1241502108061
0
-0.38345
1241502108062
2
1.34995
1241502108094
2
1.33102
1241502108110
0
-0.79224
1241502108126
2
1.09344
1241502108142
2
0.86624
1241502108158
1
0.24887
1241502108174
0
-0.48569
1241502108174
2
0.80536
1241502108190
0
0.2916
1241502108190
1
0.04013
1241502108206
2
0.4393
1241502108222
0
-0.80994
1241502108238
1
0.35263
1241502108238
2
0.62668
1241502108254
2
1.17798
1241502108270
0
-0.22675
1241502108286
2
1.33514
1241502108302
0
-0.63797
1241502108318
2
0.99014
1241502108333
2
0.90164
1241502108350
0
-0.35431
1241502108366
2
0.79102
1241502108398
2
0.98236
1241502108414
2
1.06552
1241502108446
2
0.94604
1241502108461
0
-0.60486
1241502108478
1
0.58716
1241502108478
2
1.04996
1241502108494
2
0.96939
1241502108510
1
0.18509
1241502108526
2
0.4155
1241502108558
2
0.88577
1241502108574
2
0.55161
1241502108605
0
-0.2684
1241502108606
2
0.98801
1241502108622
0
-0.5632
1241502108638
2
1.1412
1241502108669
2
0.92834
1241502108718
2
0.96771
1241502108734
0
-0.22308
1241502108734
1
-0.01892
1241502108750
2
0.96985
1241502108765
0
-0.7193
1241502108766
2
1.0849
1241502108798
2
1.09909
1241502108813
0
-0.35538
1241502108830
2
0.88425
1241502108846
0
-0.67703
1241502108846
2
0.97565
1241502108877
2
1.10931
1241502108910
1
0.37109
1241502108910
2
0.71167
1241502108942
2
0.63904
1241502108958
2
0.70435
1241502108973
0
-0.31235
1241502108990
1
0.70236
1241502108990
2
0.87219
1241502109006
0
-0.87006
1241502109021
2
1.0733
1241502109038
0
-0.65216
1241502109038
2
0.76782
1241502109054
1
0.25467
1241502109070
2
0.76416
1241502109085
0
-0.88669
1241502109101
2
0.3418
1241502109118
0
-0.55176
1241502109118
2
0.72144
1241502109149
2
0.90668
1241502109165
0
-0.82458
1241502109182
1
0.48462
1241502109182
2
1.11221
1241502109197
2
0.85892
1241502109229
2
0.74066
1241502109262
2
0.81177
1241502109277
0
-0.59662
1241502109294
2
0.95718
1241502109309
2
0.90805
1241502109342
2
0.93689
1241502109373
1
0.19745
1241502109374
2
0.75348
1241502109389
2
0.82047
1241502109421
2
0.9433
1241502109453
2
1.04843
1241502109469
2
1.01608
1241502109501
2
0.91705
1241502109533
2
0.83725
1241502109550
2
0.98373
1241502109581
2
1.03577
1241502109613
2
0.93216
1241502109646
2
0.66528
1241502109661
2
0.84793
1241502109693
2
1.0553
1241502109725
2
0.97214
1241502109741
2
1.0939
1241502109773
2
0.86227
1241502109806
2
1.00296
1241502109821
2
0.89569
1241502109853
2
0.98511
1241502109885
2
0.88943
1241502109901
2
0.88638
1241502109917
1
-0.0528
1241502109933
2
0.44662
1241502109965
1
0.28183
1241502109966
2
0.85709
1241502109981
0
-0.22079
1241502109997
1
-0.0032
1241502109998
2
0.73547
1241502110013
2
0.80383
1241502110029
0
-0.48355
1241502110045
2
1.01151
1241502110077
1
0.27573
1241502110078
2
1.31714
1241502110093
0
-0.6926
1241502110094
2
1.21643
1241502110125
2
1.01608
1241502110157
1
0.58243
1241502110158
2
1.39816
1241502110173
0
-0.44144
1241502110174
2
1.29425
1241502110189
0
-0.84503
1241502110205
2
1.13113
1241502110221
1
0.20859
1241502110237
2
1.08444
1241502110253
2
1.08261
1241502110285
0
-0.54199
1241502110286
2
1.01303
1241502110317
1
0.43152
1241502110318
2
1.04889
1241502110349
2
1.17218
1241502110365
2
0.98389
1241502110397
2
0.95428
1241502110429
1
0.21469
1241502110430
2
0.96664
1241502110445
2
1.08688
1241502110461
1
0.42969
1241502110477
2
1.06949
1241502110510
2
0.97504
1241502110525
2
0.87387
1241502110557
2
0.93414
1241502110589
2
0.96115
1241502110605
2
0.98938
1241502110637
2
0.95428
1241502110669
2
0.75623
1241502110701
2
0.83466
1241502110717
2
1.04477
1241502110749
2
0.96313
1241502110781
1
0.22964
1241502110782
2
0.9198
1241502110797
2
0.77805
1241502110829
2
0.84259
1241502110861
2
0.92148
1241502110877
0
-0.28397
1241502110878
2
1.06201
1241502110909
0
-0.79376
1241502110910
2
0.88867
1241502110941
2
0.79239
1241502110957
2
0.86441
1241502110989
0
-0.37903
1241502110990
2
0.94696
1241502111005
0
-0.67886
1241502111021
2
1.13327
1241502111053
2
1.01578
1241502111069
2
0.90927
1241502111101
2
0.88043
1241502111133
2
0.9549
1241502111149
2
1.06125
1241502111181
2
1.11252
1241502111213
2
1.00571
1241502111229
2
0.98099
1241502111261
2
0.93491
1241502111293
2
0.92499
1241502111309
2
0.94452
1241502111341
2
0.88379
1241502111373
2
0.92087
1241502111405
2
0.97076
1241502111421
2
0.74539
1241502111453
2
0.6427
1241502111485
2
0.9848
1241502111501
0
-0.37964
1241502111502
2
1.02753
1241502111517
0
-0.57999
1241502111533
2
1.10703
1241502111565
2
1.0228
1241502111581
2
0.94284
1241502111613
2
1.09436
1241502111645
2
1.0321
1241502111662
2
0.99716
1241502111693
2
0.95871
1241502111725
2
1.02676
1241502111757
2
0.96176
1241502111773
2
0.93033
1241502111805
2
0.82779
1241502111837
1
0.46234
1241502111838
2
0.93414
1241502111853
2
0.95459
1241502111885
2
0.9166
1241502111917
2
0.76492
1241502111933
2
0.97137
1241502111965
2
1.01517
1241502111997
2
0.88058
1241502112013
2
0.86838
1241502112029
1
0.14526
1241502112077
1
0.43564
1241502112078
2
0.91217
1241502112109
2
0.93689
1241502112125
2
1.02264
1241502112157
2
0.85876
1241502112189
1
0.04791
1241502112190
2
0.83511
1241502112205
2
0.73486
1241502112237
2
0.83008
1241502112269
1
0.47775
1241502112270
2
0.96878
1241502112285
0
-0.94315
1241502112286
2
1.01624
1241502112317
0
-0.48447
1241502112318
2
1.10306
1241502112333
0
-0.25742
1241502112349
2
1.03851
1241502112365
0
-0.64987
1241502112366
2
0.79971
1241502112397
2
0.87799
1241502112413
0
-0.40695
1241502112429
2
0.82672
1241502112461
2
0.81299
1241502112477
2
0.76202
1241502112493
0
-0.89279
1241502112494
1
0.23743
1241502112509
2
0.69901
1241502112541
1
0.44449
1241502112542
2
0.77576
1241502112557
0
-0.6781
1241502112558
2
0.89645
1241502112589
2
0.96664
1241502112605
1
0.12375
1241502112621
1
0.32822
1241502112622
2
0.86899
1241502112637
2
0.79895
1241502112669
2
0.66681
1241502112685
0
-0.41611
1241502112701
2
0.71259
1241502112717
2
0.66498
1241502112749
0
-0.80307
1241502112750
2
0.7518
1241502112781
2
0.86823
1241502112813
2
0.83206
1241502112829
2
0.71121
1241502112861
2
0.72876
1241502112893
2
0.54138
1241502112909
2
0.8403
1241502112941
2
0.86014
1241502112957
0
-0.58456
1241502112973
2
0.68481
1241502112989
2
0.70908
1241502113021
2
0.77744
1241502113053
2
0.5751
1241502113069
2
0.74387
1241502113101
2
0.74753
1241502113117
1
0.5603
1241502113133
2
0.79926
1241502113165
2
0.75638
1241502113181
2
0.67856
1241502113213
2
0.681
1241502113245
2
0.65796
1241502113261
2
0.76096
1241502113293
2
0.83908
1241502113325
2
0.74432
1241502113341
2
0.75882
1241502113373
2
0.67291
1241502113405
2
0.78857
1241502113421
2
0.82962
1241502113453
2
0.7164
1241502113469
1
0.28137
1241502113485
2
0.53101
1241502113517
2
0.63797
1241502113533
2
0.72205
1241502113565
2
0.82886
1241502113581
0
-0.82428
1241502113597
2
1.00327
1241502113613
0
-0.56229
1241502113614
2
0.83832
1241502113645
2
0.63171
1241502113677
2
0.68817
1241502113693
2
0.68695
1241502113725
0
-0.98221
1241502113726
2
0.81543
1241502113742
0
-0.51483
1241502113757
2
0.8461
1241502113773
0
-0.82581
1241502113774
2
0.74539
1241502113805
2
0.68207
1241502113821
0
-0.61691
1241502113837
2
0.75958
1241502113869
2
0.71228
1241502113885
2
0.7077
1241502113917
2
0.73151
1241502113949
2
0.80597
1241502113965
2
0.8284
1241502113997
2
0.81467
1241502114029
1
0.57373
1241502114030
2
0.83832
1241502114045
2
0.72922
1241502114077
2
0.81451
1241502114093
0
-0.38498
1241502114109
2
0.84671
1241502114125
0
-0.62393
1241502114125
2
0.86456
1241502114157
2
0.92316
1241502114189
2
0.69153
1241502114221
2
0.70602
1241502114237
2
0.8194
1241502114269
2
0.94055
1241502114301
1
0.36545
1241502114302
2
0.83923
1241502114317
2
0.7811
1241502114333
1
0.58334
1241502114349
2
0.70267
1241502114365
0
-0.38452
1241502114366
1
0.33066
1241502114381
2
0.64392
1241502114397
0
-0.74814
1241502114397
2
0.75607
1241502114413
1
0.60455
1241502114429
2
0.98206
1241502114461
2
0.93262
1241502114477
0
-0.47974
1241502114478
2
0.66513
1241502114509
2
1.02158
1241502114525
0
-0.89005
1241502114541
1
0.37567
1241502114542
2
0.69687
1241502114573
2
0.8136
1241502114589
0
-0.65277
1241502114589
2
0.66833
1241502114621
2
0.72876
1241502114653
2
0.70053
1241502114669
2
0.75119
1241502114701
2
0.71732
1241502114733
2
0.73761
1241502114749
0
-0.85526
1241502114749
2
0.80521
1241502114781
2
0.93613
1241502114797
0
-0.49683
1241502114813
2
0.68726
1241502114829
2
0.64117
1241502114861
0
-0.73959
1241502114862
2
0.59708
1241502114877
0
-0.37704
1241502114893
1
0.64728
1241502114893
2
0.66956
1241502114909
0
-0.74051
1241502114925
2
0.93719
1241502114941
2
0.75546
1241502114973
2
0.68954
1241502115005
2
0.79651
1241502115021
2
0.57541
1241502115037
1
0.40588
1241502115053
2
0.69748
1241502115085
2
0.53558
1241502115101
2
0.86655
1241502115133
2
0.53421
1241502115165
2
-1.83472
1241502115181
0
0.46402
1241502115181
2
1.61911
1241502115213
0
-0.45746
1241502115213
2
0.76797
1241502115229
0
-0.70282
1241502115245
2
1.08215
1241502115261
0
-0.45258
1241502115277
2
0.6781
1241502115293
2
0.90652
1241502115309
1
0.68039
1241502115325
2
0.97794
1241502115357
2
0.57938
1241502115373
2
0.681
1241502115405
2
0.81421
1241502115437
2
0.61371
1241502115453
2
0.79453
1241502115469
1
0.89386
1241502115485
0
-0.18692
1241502115485
2
1.02112
1241502115501
0
0.16312
1241502115517
1
0.52246
1241502115517
2
0.73425
1241502115533
2
0.83969
1241502115565
0
-0.27893
1241502115566
2
0.76187
1241502115581
1
0.72586
1241502115597
2
0.49194
1241502115613
0
-0.60593
1241502115629
2
0.54092
1241502115645
2
0.72998
1241502115661
0
0.06927
1241502115677
2
0.71976
1241502115693
0
-0.34485
1241502115709
2
0.87372
1241502115725
2
0.8609
1241502115741
0
-0.58044
1241502115757
2
0.53299
1241502115789
2
0.59494
1241502115805
0
-0.27969
1241502115805
2
0.66666
1241502115837
2
0.63782
1241502115853
1
0.52567
1241502115869
2
0.61798
1241502115885
2
0.5835
1241502115917
0
-0.52994
1241502115917
2
0.69717
1241502115949
2
0.74265
1241502115981
2
0.69
1241502115997
2
0.58212
1241502116029
2
0.53528
1241502116061
2
0.54199
1241502116077
2
0.69244
1241502116109
2
0.81665
1241502116125
1
0.75409
1241502116141
2
0.71182
1241502116157
2
0.55328
1241502116189
2
0.66971
1241502116221
2
0.64224
1241502116237
2
0.63477
1241502116269
2
0.61569
1241502116301
2
0.53665
1241502116333
2
0.62149
1241502116349
2
0.70877
1241502116381
2
0.76263
1241502116413
2
0.73288
1241502116429
2
0.66986
1241502116461
2
0.57053
1241502116493
2
0.5336
1241502116509
2
0.77667
1241502116541
0
-0.31845
1241502116541
2
0.91675
1241502116573
1
1.00388
1241502116573
2
0.76828
1241502116589
2
0.83405
1241502116621
2
0.85724
1241502116637
1
0.74051
1241502116653
2
0.77576
1241502116685
2
1.02768
1241502116701
2
0.7428
1241502116733
1
0.50613
1241502116733
2
0.82291
1241502116765
2
0.67215
1241502116781
2
1.02158
1241502116797
0
-0.62546
1241502116813
2
0.90775
1241502116845
2
0.93552
1241502116861
0
-0.41077
1241502116861
2
0.56152
1241502116893
2
0.71976
1241502116925
2
0.98083
1241502116941
0
-0.69946
1241502116941
2
1.19644
1241502116973
2
1.03378
1241502117005
2
0.69839
1241502117021
0
-0.42603
1241502117037
1
0.30258
1241502117037
2
0.67551
1241502117053
2
0.84778
1241502117085
2
0.79529
1241502117117
2
0.85709
1241502117133
2
0.7399
1241502117165
2
0.74463
1241502117197
2
0.979
1241502117213
0
-0.7016
1241502117213
2
0.92957
1241502117229
1
0.63171
1241502117245
2
0.72266
1241502117261
0
-0.48798
1241502117277
1
0.42938
1241502117277
2
0.6633
1241502117293
2
0.64148
1241502117309
1
0.67825
1241502117325
2
0.82962
1241502117357
1
0.47577
1241502117357
2
1.11649
1241502117389
2
0.92865
1241502117405
2
0.76157
1241502117437
2
0.67795
1241502117469
2
0.85403
1241502117485
2
1.01715
1241502117517
2
0.87814
1241502117549
2
0.7814
1241502117565
2
0.79224
1241502117597
2
0.8548
1241502117629
2
0.83145
1241502117645
2
0.82138
1241502117677
2
0.79041
1241502117709
2
0.86258
1241502117741
1
0.7486
1241502117741
2
0.83801
1241502117757
2
0.85602
1241502117773
1
0.51453
1241502117789
2
0.90317
1241502117821
2
0.92102
1241502117837
2
0.85724
1241502117853
1
0.76431
1241502117869
2
0.39352
1241502117885
1
0.24033
1241502117901
1
0.48462
1241502117901
2
0.78232
1241502117917
0
-0.73425
1241502117917
2
0.98816
1241502117949
2
0.95322
1241502117965
0
-0.47943
1241502117981
2
0.97595
1241502117997
0
-0.13809
1241502117997
2
0.77774
1241502118029
0
-0.7283
1241502118029
2
1.01761
1241502118061
2
0.81894
1241502118077
0
-0.42511
1241502118093
2
0.80414
1241502118109
2
0.76324
1241502118141
2
1.04385
1241502118157
0
-0.66162
1241502118173
2
0.98083
1241502118189
0
-0.42465
1241502118189
2
0.83313
1241502118221
2
0.8316
1241502118253
2
0.93567
1241502118269
2
0.82443
1241502118301
2
0.88821
1241502118333
2
0.84793
1241502118365
1
0.28427
1241502118365
2
0.93353
1241502118381
2
0.81345
1241502118397
0
-0.8107
1241502118397
1
0.66254
1241502118413
2
0.89462
1241502118445
1
0.33661
1241502118445
2
0.88837
1241502118461
0
-0.36835
1241502118461
2
0.78522
1241502118493
2
0.99335
1241502118509
0
-0.62164
1241502118525
2
0.44662
1241502118541
0
-0.35446
1241502118541
2
0.94467
1241502118557
0
-0.81451
1241502118573
2
1.29501
1241502118589
0
-0.59998
1241502118589
1
0.54977
1241502118605
2
0.35522
1241502118621
2
0.6076
1241502118653
2
0.70068
1241502118685
2
0.77316
1241502118717
2
0.74478
1241502118733
2
0.82748
1241502118765
2
0.75317
1241502118797
2
0.55237
1241502118813
2
0.69321
1241502118845
2
0.78445
1241502118877
2
0.64148
1241502118893
2
0.88425
1241502118925
2
0.78598
1241502118957
2
0.76721
1241502118973
2
0.66986
1241502119005
2
0.68695
1241502119037
2
0.56931
1241502119069
2
0.75104
1241502119085
2
0.84015
1241502119117
2
0.92911
1241502119149
2
0.737
1241502119165
2
0.58945
1241502119197
2
0.74402
1241502119229
2
0.82031
1241502119245
2
0.89645
1241502119277
2
0.83633
1241502119309
2
0.85114
1241502119325
2
0.74615
1241502119357
2
0.67123
1241502119373
0
-0.38696
1241502119389
2
0.75668
1241502119405
2
0.80811
1241502119437
2
0.82825
1241502119453
1
0.76614
1241502119469
2
0.87036
1241502119501
1
0.49133
1241502119501
2
0.75745
1241502119517
2
0.79269
1241502119549
2
0.70435
1241502119581
2
0.81772
1241502119597
0
-0.63995
1241502119597
2
0.87051
1241502119629
2
0.77942
1241502119661
2
0.43213
1241502119677
0
-0.17883
1241502119677
2
0.59036
1241502119709
0
-0.58517
1241502119709
2
0.71716
1241502119725
0
-0.78735
1241502119741
2
0.85281
1241502119757
0
-0.5423
1241502119757
2
0.75317
1241502119789
2
0.42389
1241502119821
2
0.48004
1241502119853
2
0.75546
1241502119869
0
-0.78629
1241502119869
2
1.05225
1241502119901
2
0.67856
1241502119933
2
0.6546
1241502119949
0
-0.54794
1241502119949
2
0.6929
1241502119981
2
0.70053
1241502120013
2
0.66483
1241502120029
0
-0.75638
1241502120029
2
0.6221
1241502120061
2
0.91171
1241502120077
1
0.72495
1241502120093
2
0.90225
1241502120125
1
0.33813
1241502120125
2
0.8075
1241502120141
2
0.48065
1241502120173
2
0.63522
1241502120205
2
0.63126
1241502120221
2
0.59753
1241502120253
2
0.54001
1241502120285
1
0.5513
1241502120285
2
0.6337
1241502120301
2
0.68039
1241502120333
2
0.64896
1241502120365
2
0.58853
1241502120381
2
0.63766
1241502120413
2
0.44189
1241502120445
2
0.62912
1241502120477
2
0.59723
1241502120493
2
0.62241
1241502120525
2
0.50156
1241502120557
2
0.59326
1241502120573
2
0.50644
1241502120605
2
0.69931
1241502120637
2
1.07513
1241502120653
2
0.25269
1241502120685
2
0.71304
1241502120717
2
0.70099
1241502120733
2
0.45166
1241502120765
2
0.7225
1241502120797
2
0.62286
1241502120829
2
0.54352
1241502120845
2
0.65918
1241502120877
2
0.57953
1241502120909
2
0.68451
1241502120925
2
0.44205
1241502120957
2
0.42923
1241502120989
2
0.72052
1241502121005
2
0.62683
1241502121037
2
0.44205
1241502121069
2
0.63782
1241502121085
2
0.64682
1241502121117
2
0.53238
1241502121149
2
0.59036
1241502121181
2
0.55588
1241502121197
2
0.61813
1241502121229
2
0.61081
1241502121261
2
0.55206
1241502121277
2
0.51575
1241502121309
2
0.67368
1241502121341
2
0.61279
1241502121357
2
0.57175
1241502121389
2
0.63599
1241502121421
2
0.59708
1241502121437
2
0.55008
1241502121469
2
0.67673
1241502121501
2
0.65659
1241502121517
2
0.4805
1241502121549
2
0.68024
1241502121581
2
0.68176
1241502121613
2
0.42557
1241502121629
2
0.58945
1241502121661
2
0.83649
1241502121693
2
0.64957
1241502121709
2
0.60104
1241502121741
2
0.5304
1241502121773
2
0.57175
1241502121789
2
0.58624
1241502121821
2
0.55847
1241502121853
2
0.57388
1241502121885
2
0.53131
1241502121901
2
0.62027
1241502121933
2
0.62607
1241502121965
2
0.67963
1241502121981
2
0.51636
1241502122013
2
0.57236
1241502122045
2
0.6134
1241502122061
2
0.5603
1241502122093
2
0.67307
1241502122125
2
0.5069
1241502122141
2
0.65201
1241502122173
2
0.57999
1241502122205
2
0.64453
1241502122237
2
0.54535
1241502122253
2
0.56458
1241502122285
2
0.72266
1241502122317
2
0.48294
1241502122333
2
0.59341
1241502122365
2
0.64529
1241502122397
2
0.52353
1241502122413
2
0.6163
1241502122445
2
0.59952
1241502122477
2
0.5394
1241502122493
2
0.52429
1241502122525
2
0.47562
1241502122557
2
0.42267
1241502122589
2
0.63156
1241502122605
2
0.57709
1241502122637
1
-0.00519
1241502122637
2
0.49316
1241502122669
1
0.52383
1241502122669
2
0.81177
1241502122685
2
0.41336
1241502122717
2
0.79285
1241502122749
2
0.58075
1241502122765
2
0.50583
1241502122797
2
0.46951
1241502122813
0
-0.50552
1241502122829
2
0.54092
1241502122845
2
0.7901
1241502122877
2
0.7077
1241502122893
1
0.79498
1241502122909
2
0.76309
1241502122941
2
0.82031
1241502122957
0
-0.28412
1241502122957
2
0.70541
1241502122989
2
0.6897
1241502123021
2
0.38086
1241502123037
2
0.41046
1241502123053
1
0.32761
1241502123069
2
0.34454
1241502123085
0
-0.72403
1241502123085
1
0.60577
1241502123101
2
0.97168
1241502123117
2
0.86838
1241502123133
0
-0.41122
1241502123133
1
0.8168
1241502123149
2
0.82932
1241502123181
2
0.54153
1241502123197
2
0.504
1241502123229
2
0.47974
1241502123261
2
0.52536
1241502123293
2
0.58243
1241502123309
2
0.69336
1241502123341
2
0.64758
1241502123373
2
0.6105
1241502123421
2
0.58701
1241502123453
2
0.54321
1241502123469
2
0.65002
1241502123501
2
0.51773
1241502123517
0
-0.18768
1241502123533
2
0.42358
1241502123549
2
0.51437
1241502123581
0
-0.49316
1241502123581
2
0.60516
1241502123613
2
0.67978
1241502123629
2
0.60318
1241502123661
0
-0.25299
1241502123661
2
0.52109
1241502123693
2
0.5423
1241502123725
2
0.48416
1241502123741
0
-0.46097
1241502123741
2
0.55893
1241502123773
2
0.55115
1241502123789
0
-0.22308
1241502123805
2
0.5014
1241502123821
2
0.59296
1241502123853
2
0.7048
1241502123885
2
0.61844
1241502123901
2
0.73532
1241502123933
2
0.51041
1241502123965
2
0.41748
1241502123981
2
0.51147
1241502124013
2
0.56595
1241502124045
2
0.70938
1241502124077
2
0.70526
1241502124093
2
0.70023
1241502124125
2
0.6041
1241502124157
2
0.66299
1241502124173
2
0.62607
1241502124205
2
0.71838
1241502124237
2
0.74402
1241502124253
2
0.62973
1241502124285
2
0.71365
1241502124317
2
0.8316
1241502124349
2
0.83054
1241502124365
2
0.65201
1241502124397
2
0.80032
1241502124429
1
0.59647
1241502124429
2
0.6488
1241502124445
2
0.69931
1241502124477
2
0.64682
1241502124509
1
0.81253
1241502124509
2
0.47867
1241502124525
2
0.81558
1241502124557
2
0.61325
1241502124573
1
0.40619
1241502124589
2
0.62286
1241502124605
2
0.61356
1241502124621
1
0.71396
1241502124637
2
0.86594
1241502124669
2
0.7785
1241502124685
0
0.0676
1241502124701
2
0.59464
1241502124717
2
0.6778
1241502124733
0
-0.14832
1241502124749
2
0.75851
1241502124781
2
0.63095
1241502124797
0
0.12909
1241502124797
2
0.29007
1241502124813
1
0.91736
1241502124829
2
0.83572
1241502124845
0
-0.08179
1241502124845
1
0.67078
1241502124861
2
0.72586
1241502124877
0
0.11963
1241502124877
2
0.50186
1241502124909
2
0.83786
1241502124925
1
1.01547
1241502124941
2
0.47806
1241502124957
0
0.53909
1241502124957
2
0.69946
1241502124989
2
0.39413
1241502125005
1
0.39185
1241502125021
1
0.81192
1241502125021
2
-0.44067
1241502125037
0
-0.26031
1241502125037
2
0.53833
1241502125069
0
0.08835
1241502125069
2
0.30106
1241502125085
0
0.33554
1241502125101
1
1.24756
1241502125101
2
1.26678
1241502125133
1
0.68237
1241502125133
2
0.26611
1241502125149
0
0.59402
1241502125149
2
0.33066
1241502125165
0
0.23468
1241502125165
1
0.45456
1241502125181
2
0.55832
1241502125197
0
-0.04318
1241502125197
1
0.68771
1241502125213
2
0.65598
1241502125229
2
0.46997
1241502125261
2
0.70648
1241502125293
2
1.10306
1241502125309
2
0.57892
1241502125341
2
0.75989
1241502125373
2
0.80856
1241502125389
2
0.69839
1241502125421
0
-0.24979
1241502125421
2
0.43106
1241502125453
2
0.82703
1241502125485
1
0.39368
1241502125485
2
0.90286
1241502125500
2
0.80521
1241502125516
1
0.73166
1241502125533
2
0.58884
1241502125565
2
0.93109
1241502125581
2
0.83481
1241502125613
2
0.9346
1241502125629
1
0.45822
1241502125645
1
0.71304
1241502125645
2
1.15189
1241502125660
2
0.63812
1241502125693
2
0.98297
1241502125724
2
0.86823
1241502125741
2
0.85663
1241502125773
2
0.6958
1241502125805
2
0.54367
1241502125837
2
0.76492
1241502125852
2
0.90195
1241502125885
2
0.88593
1241502125917
2
0.88318
1241502125932
2
0.8223
1241502125965
2
0.79605
1241502125997
2
0.79178
1241502126012
2
0.74921
1241502126045
2
0.72861
1241502126077
2
1.10596
1241502126109
1
0.38452
1241502126109
2
0.78033
1241502126124
2
0.93994
1241502126141
1
0.62836
1241502126156
2
0.8255
1241502126172
0
-0.46661
1241502126189
2
0.92209
1241502126205
2
0.77789
1241502126236
2
0.69138
1241502126269
2
0.7135
1241502126285
2
0.83313
1241502126317
2
0.68192
1241502126348
2
0.64056
1241502126364
2
0.75256
1241502126396
2
0.8432
1241502126428
2
0.77438
1241502126461
2
0.88242
1241502126476
2
0.83298
1241502126493
0
-0.1535
1241502126493
1
1.26999
1241502126508
1
0.49545
1241502126509
2
0.91568
1241502126540
1
0.73715
1241502126541
2
0.86243
1241502126557
0
-0.37994
1241502126557
2
0.67108
1241502126588
2
0.84763
1241502126605
1
0.51987
1241502126621
2
0.91354
1241502126636
2
0.82306
1241502126669
2
0.82886
1241502126700
2
0.78415
1241502126716
2
0.68848
1241502126748
2
0.69229
1241502126780
2
0.6781
1241502126813
2
0.74692
1241502126829
2
0.71457
1241502126860
2
0.77377
1241502126893
2
0.81299
1241502126908
2
0.73196
1241502126940
2
0.71899
1241502126972
2
0.83145
1241502126988
2
0.77744
1241502127020
2
0.71899
1241502127052
2
0.76797
1241502127068
2
0.79849
1241502127100
2
0.75607
1241502127132
2
0.74829
1241502127164
2
0.76813
1241502127180
2
0.83252
1241502127212
2
0.88745
1241502127244
2
0.91125
1241502127260
2
0.85037
1241502127292
2
0.88699
1241502127325
2
0.92346
1241502127341
2
0.85556
1241502127373
2
1.08246
1241502127389
0
-0.09521
1241502127405
2
1.16394
1241502127421
2
0.92194
1241502127437
1
-3.1E-4
1241502127453
0
-0.72006
1241502127453
2
1.19278
1241502127469
0
-0.39673
1241502127469
1
0.68878
1241502127484
1
0.4512
1241502127485
2
1.29669
1241502127516
2
0.90439
1241502127532
2
0.93857
1241502127564
1
0.72479
1241502127565
2
1.01715
1241502127580
0
-0.71976
1241502127596
1
0.44449
1241502127597
2
1.1142
1241502127612
2
0.98022
1241502127628
1
0.19318
1241502127644
2
0.99457
1241502127661
0
0.22446
1241502127661
1
0.43365
1241502127676
1
0.06378
1241502127677
2
-0.03281
1241502127692
0
-0.46555
1241502127693
2
0.95459
1241502127708
0
-0.92422
1241502127709
1
0.79422
1241502127724
2
1.17752
1241502127740
0
-0.69565
1241502127741
1
0.06348
1241502127756
2
0.46509
1241502127772
2
0.31677
1241502127788
1
0.59311
1241502127804
2
0.74707
1241502127837
2
0.86166
1241502127868
2
0.66223
1241502127885
2
1.02432
1241502127916
2
0.62332
1241502127948
2
1.1113
1241502127964
0
-0.49057
1241502127965
2
0.83298
1241502127980
0
-0.73837
1241502127996
2
0.52567
1241502128029
2
0.6839
1241502128044
0
-0.48523
1241502128045
2
0.75806
1241502128076
2
0.79819
1241502128108
2
1.21033
1241502128124
0
-0.88654
1241502128125
2
1.01776
1241502128140
1
0.31921
1241502128156
0
-0.57144
1241502128157
2
0.59494
1241502128188
1
0.09842
1241502128189
2
1.43494
1241502128220
2
0.59143
1241502128236
2
0.88409
1241502128268
2
0.54428
1241502128300
1
0.36865
1241502128301
2
0.91949
1241502128316
0
-1.06583
1241502128317
2
0.86563
1241502128332
0
-0.74631
1241502128348
2
1.04111
1241502128380
2
0.98846
1241502128396
2
1.03622
1241502128412
1
0.02533
1241502128428
2
1.13953
1241502128460
1
0.3392
1241502128461
2
0.45074
1241502128476
0
-0.44449
1241502128477
2
0.82123
1241502128492
1
-0.05722
1241502128508
0
-1.34598
1241502128509
2
0.99136
1241502128524
0
-0.811
1241502128525
1
0.16983
1241502128540
2
0.81818
1241502128572
2
1.19171
1241502128588
2
0.81909
1241502128620
2
1.15631
1241502128652
2
0.76599
1241502128668
0
-0.53406
1241502128669
2
0.98312
1241502128700
2
0.8139
1241502128732
2
0.88974
1241502128748
2
0.728
1241502128780
2
1.03683
1241502128812
2
0.77835
1241502128828
2
0.43152
1241502128860
0
-1.04721
1241502128861
2
1.13174
1241502128876
0
-0.68344
1241502128892
2
0.93323
1241502128924
1
0.5275
1241502128925
2
1.43768
1241502128940
0
-0.40085
1241502128941
2
0.75256
1241502128972
1
0.21164
1241502128973
2
0.73517
1241502129004
2
0.92377
1241502129020
0
-0.74814
1241502129021
2
0.94269
1241502129052
2
0.83801
1241502129068
0
-0.42542
1241502129069
1
0.4541
1241502129084
2
0.77087
1241502129100
2
0.92316
1241502129116
0
-0.63629
1241502129132
2
0.98175
1241502129164
2
0.59113
1241502129180
0
-0.35706
1241502129181
2
0.87219
1241502129212
0
-0.57831
1241502129213
2
1.06308
1241502129228
0
-0.78857
1241502129229
1
0.80017
1241502129244
1
0.14633
1241502129245
2
1.03943
1241502129260
0
-0.38742
1241502129276
1
0.42252
1241502129277
2
0.46738
1241502129292
2
0.81284
1241502129308
1
0.74539
1241502129324
1
0.19119
1241502129325
2
1.06598
1241502129340
0
-0.65765
1241502129356
2
0.72021
1241502129372
2
1.05942
1241502129388
1
0.60257
1241502129404
2
0.88196
1241502129420
0
-0.28427
1241502129436
1
0.33783
1241502129436
2
1.17996
1241502129452
2
0.74127
1241502129468
0
-0.53894
1241502129469
1
0.62805
1241502129484
2
0.7933
1241502129516
2
1.04996
1241502129532
2
1.13602
1241502129548
1
0.26245
1241502129564
2
0.7872
1241502129596
1
0.71609
1241502129597
2
0.68619
1241502129628
1
0.36835
1241502129629
2
0.97244
1241502129644
0
-0.31525
1241502129645
2
0.79697
1241502129660
1
0.58487
1241502129677
2
1.07162
1241502129692
0
-0.59052
1241502129708
2
0.53452
1241502129724
2
0.8374
1241502129756
2
0.48401
1241502129788
1
1.0553
1241502129789
2
0.62912
1241502129804
2
0.47089
1241502129820
1
0.44174
1241502129836
2
0.92773
1241502129868
1
0.99197
1241502129869
2
0.93826
1241502129884
2
0.82291
1241502129916
0
-0.33447
1241502129917
2
1.04172
1241502129932
1
0.49316
1241502129948
2
0.80399
1241502129980
2
0.71289
1241502129996
0
-0.54398
1241502129997
2
0.48798
1241502130012
1
0.86456
1241502130028
1
0.45883
1241502130028
2
0.45792
1241502130060
2
0.66666
1241502130076
2
0.49332
1241502130108
2
0.7016
1241502130124
0
-0.33615
1241502130140
2
0.78995
1241502130156
2
0.79117
1241502130172
0
-0.74188
1241502130173
1
1.89713
1241502130188
2
0.84854
1241502130204
1
0.88211
1241502130220
2
1.11298
1241502130236
2
0.7428
1241502130252
1
0.64316
1241502130268
2
0.85312
1241502130284
0
-0.52353
1241502130300
2
0.44128
1241502130332
1
0.09384
1241502130333
2
0.23743
1241502130348
0
-0.31052
1241502130349
2
0.2916
1241502130380
1
0.40131
1241502130381
2
0.42786
1241502130412
1
0.82916
1241502130413
2
0.70084
1241502130428
0
-0.5719
1241502130428
2
1.02158
1241502130460
2
0.80826
1241502130493
1
0.55069
1241502130493
2
1.06613
1241502130508
2
0.60959
1241502130524
1
0.78156
1241502130540
2
0.59906
1241502130572
1
0.4364
1241502130573
2
0.45502
1241502130588
2
0.56473
1241502130620
2
0.80429
1241502130636
1
0.90851
1241502130652
1
0.41473
1241502130652
2
0.9491
1241502130684
2
0.616
1241502130700
2
0.75806
1241502130732
2
0.72464
1241502130764
2
0.448
1241502130780
2
0.68787
1241502130812
2
0.68222
1241502130844
2
1.00677
1241502130860
2
1.01242
1241502130876
1
0.70786
1241502130892
2
1.02478
1241502130924
2
0.72037
1241502130940
2
0.78369
1241502130956
1
0.26077
1241502130972
2
0.78705
1241502131004
1
0.49622
1241502131004
2
0.99533
1241502131036
2
1.15234
1241502131052
2
1.05286
1241502131084
2
0.99091
1241502131116
2
0.78278
1241502131132
0
-0.34973
1241502131132
2
0.71655
1241502131148
1
0.26016
1241502131164
2
0.81238
1241502131180
0
-0.03571
1241502131180
1
0.60471
1241502131196
1
0.3157
1241502131197
2
1.21658
1241502131212
2
0.43915
1241502131228
1
0.11215
1241502131244
2
0.99335
1241502131260
0
-0.60822
1241502131261
1
1.65482
1241502131276
1
0.78781
1241502131276
2
0.48447
1241502131292
0
-0.83679
1241502131292
2
1.20346
1241502131308
1
1.42029
1241502131325
2
0.99991
1241502131340
0
-0.61554
1241502131340
1
0.99304
1241502131356
2
1.04919
1241502131372
0
-0.27985
1241502131372
2
0.78995
1241502131388
1
0.66132
1241502131404
2
0.69107
1241502131420
0
0.03204
1241502131420
1
0.35049
1241502131436
2
0.60623
1241502131468
2
0.79422
1241502131484
2
1.00082
1241502131500
0
-0.23315
1241502131500
1
0.0856
1241502131516
2
0.80872
1241502131532
1
0.38361
1241502131548
2
0.74677
1241502131564
0
-0.44937
1241502131564
2
0.91721
1241502131596
2
1.04721
1241502131612
0
-0.24185
1241502131628
1
0.80322
1241502131628
2
0.99106
1241502131644
2
1.36093
1241502131660
1
0.39902
1241502131676
2
1.21658
1241502131692
1
0.62439
1241502131708
1
0.28
1241502131709
2
0.97015
1241502131740
2
0.8876
1241502131756
2
0.71991
1241502131772
0
-0.02518
1241502131788
1
-0.00626
1241502131788
2
0.57465
1241502131820
1
0.5098
1241502131820
2
0.67505
1241502131836
0
0.30106
1241502131836
2
0.84183
1241502131868
2
0.57205
1241502131884
0
0.04318
1241502131900
1
1.26556
1241502131900
2
0.25192
1241502131916
2
1.22208
1241502131932
0
-0.20401
1241502131948
2
1.03333
1241502131964
0
0.02502
1241502131980
1
0.95688
1241502131980
2
1.03912
1241502131996
2
0.40054
1241502132012
1
1.26648
1241502132028
0
0.2533
1241502132028
2
0.504
1241502132044
1
0.81497
1241502132060
1
0.37903
1241502132060
2
0.29587
1241502132076
0
0.64575
1241502132076
2
0.86365
1241502132108
2
0.1207
1241502132124
0
0.44434
1241502132124
1
0.60226
1241502132140
1
0.88531
1241502132140
2
0.70099
1241502132172
2
0.6842
1241502132188
0
0.18448
1241502132188
2
1.02264
1241502132220
2
0.88516
1241502132252
2
0.76721
1241502132268
2
0.88242
1241502132284
1
0.59937
1241502132300
2
0.66284
1241502132332
2
0.80917
1241502132348
2
0.5986
1241502132380
2
0.86563
1241502132412
2
0.94772
1241502132428
2
0.93933
1241502132460
2
1.07422
1241502132492
2
0.82581
1241502132524
2
0.80399
1241502132540
2
0.74921
1241502132572
2
0.83832
1241502132604
2
1.02005
1241502132620
2
0.95108
1241502132652
2
1.00357
1241502132668
1
0.38025
1241502132684
2
0.89523
1241502132700
2
0.97412
1241502132732
2
1.08795
1241502132764
2
1.08582
1241502132780
2
0.95078
1241502132812
2
1.02615
1241502132844
2
1.06049
1241502132876
2
1.17249
1241502132892
2
1.22025
1241502132924
2
1.23917
1241502132956
2
1.06537
1241502132972
2
1.03119
1241502133004
2
1.01135
1241502133036
1
0.14648
1241502133037
2
0.99457
1241502133052
2
0.9642
1241502133084
2
0.914
1241502133116
2
1.09848
1241502133132
2
1.19659
1241502133164
2
1.16638
1241502133180
1
0.4068
1241502133196
2
1.13007
1241502133228
2
0.98938
1241502133276
2
0.93399
1241502133292
0
0.41397
1241502133308
2
0.94696
1241502133324
2
0.95352
1241502133356
2
1.05545
1241502133388
1
0.19943
1241502133388
2
0.89691
1241502133404
2
0.93246
1241502133436
2
0.73364
1241502133468
1
0.55084
1241502133468
2
0.74631
1241502133484
2
0.90546
1241502133500
1
0.31418
1241502133516
2
1.03378
1241502133548
1
0.71716
1241502133548
2
0.86975
1241502133580
1
0.27893
1241502133580
2
0.69702
1241502133596
2
0.71716
1241502133612
1
0.48096
1241502133628
2
0.77393
1241502133644
0
0.63599
1241502133660
2
0.83771
1241502133676
2
0.79483
1241502133708
2
0.85052
1241502133740
2
0.7016
1241502133756
2
0.86319
1241502133772
1
0.19745
1241502133788
2
0.81451
1241502133820
1
0.4216
1241502133820
2
0.81085
1241502133868
2
0.72495
1241502133900
2
0.71854
1241502133932
2
0.65109
1241502133948
2
0.72525
1241502133980
2
0.72052
1241502134012
1
0.14282
1241502134012
2
0.71228
1241502134028
2
0.6778
1241502134060
2
0.7045
1241502134076
1
0.40207
1241502134092
2
0.63416
1241502134108
2
0.75745
1241502134140
2
0.71335
1241502134172
2
0.71838
1241502134188
2
0.77026
1241502134220
2
0.82779
1241502134252
2
0.84778
1241502134284
2
0.82306
1241502134332
2
0.70984
1241502134364
2
0.67856
1241502134380
2
0.61371
1241502134412
2
0.68665
1241502134444
2
0.79086
1241502134460
2
0.86441
1241502134492
2
0.99365
1241502134524
2
0.95886
1241502134540
0
0.40771
1241502134540
2
0.88394
1241502134572
2
0.84595
1241502134604
2
0.94971
1241502134636
2
0.69046
1241502134652
2
0.88684
1241502134684
2
0.89111
1241502134716
2
0.93323
1241502134732
2
0.89859
1241502134764
2
0.90927
1241502134796
2
0.85831
1241502134812
2
0.7901
1241502134844
2
0.78873
1241502134876
2
0.85938
1241502134892
2
0.8905
1241502134924
2
0.88058
1241502134956
2
0.92224
1241502134988
2
0.9436
1241502135004
2
0.95047
1241502135036
2
0.94406
1241502135068
2
0.85892
1241502135084
2
0.81711
1241502135116
2
0.87555
1241502135148
2
0.85922
1241502135164
2
0.87616
1241502135196
2
0.90393
1241502135228
2
0.89844
1241502135244
2
0.90393
1241502135276
2
0.84808
1241502135308
2
0.83847
1241502135340
2
0.90729
1241502135356
2
0.858
1241502135388
2
0.95383
1241502135420
2
0.94666
1241502135436
2
0.86014
1241502135468
2
0.81909
1241502135500
2
0.8606
1241502135516
2
0.89783
1241502135548
2
0.90378
1241502135580
2
0.89874
1241502135596
2
1.27563
1241502135628
2
0.75333
1241502135660
2
0.84625
1241502135692
2
1.00922
1241502135708
2
0.89645
1241502135740
2
0.86288
1241502135772
2
0.83191
1241502135788
2
0.84885
1241502135820
2
0.95093
1241502135852
2
1.02905
1241502135868
2
0.85922
1241502135900
2
0.86884
1241502135932
2
0.99518
1241502135948
2
0.94864
1241502135980
2
0.87234
1241502136012
2
0.93948
1241502136044
2
1.0527
1241502136060
2
0.55908
1241502136092
2
0.81757
1241502136124
2
1.16516
1241502136140
2
1.12244
1241502136172
2
0.93964
1241502136220
2
1.08536
1241502136252
2
1.0611
1241502136284
2
0.90393
1241502136300
2
1.04614
1241502136332
2
0.97015
1241502136364
2
1.27457
1241502136396
2
0.96893
1241502136412
2
1.24893
1241502136444
2
1.06628
1241502136460
0
0.1564
1241502136476
1
0.01816
1241502136476
2
0.77972
1241502136492
2
1.00037
1241502136524
2
0.89172
1241502136556
2
0.94955
1241502136572
2
0.96771
1241502136588
1
0.34683
1241502136604
0
0.35751
1241502136604
2
1.26724
1241502136620
0
0.5806
1241502136636
2
1.38184
1241502136652
0
0.35049
1241502136652
2
0.49576
1241502136684
2
0.84579
1241502136716
2
0.91736
1241502136748
2
0.9819
1241502136764
2
1.13647
1241502136780
1
0.57098
1241502136796
2
0.83908
1241502136828
2
0.86975
1241502136844
2
0.93964
1241502136860
1
0.37079
1241502136876
2
0.91934
1241502136908
2
0.83771
1241502136924
2
0.89218
1241502136956
2
0.92575
1241502136988
2
0.90546
1241502137004
2
1.05606
1241502137036
2
0.84335
1241502137068
2
1.00983
1241502137100
2
0.87265
1241502137116
2
1.07849
1241502137148
2
1.20178
1241502137180
2
0.98877
1241502137196
2
0.95215
1241502137228
2
1.02463
1241502137260
2
1.05713
1241502137276
2
1.08521
1241502137292
1
0.16144
1241502137308
2
1.0675
1241502137340
2
1.20651
1241502137356
2
1.01456
1241502137388
2
1.02112
1241502137404
1
-0.06744
1241502137452
2
1.06155
1241502137468
2
1.00311
1241502137500
2
0.99777
1241502137532
2
1.0791
1241502137548
2
1.03989
1241502137564
1
0.1738
1241502137580
2
0.76843
1241502137612
2
0.98099
1241502137628
2
1.08261
1241502137660
2
1.01135
1241502137692
2
1.00189
1241502137708
2
1.04126
1241502137740
2
0.9375
1241502137772
2
1.17233
1241502137804
2
1.05942
1241502137820
2
0.89233
1241502137852
2
1.08688
1241502137884
2
1.12152
1241502137900
2
1.14365
1241502137932
2
1.09528
1241502137964
2
1.10733
1241502137980
2
1.05515
1241502138012
2
1.15906
1241502138028
1
-0.02853
1241502138044
2
1.06522
1241502138060
2
1.05774
1241502138092
2
1.09299
1241502138124
2
1.16516
1241502138156
2
1.02615
1241502138172
2
0.99503
1241502138204
1
0.20248
1241502138204
2
1.19431
1241502138236
2
0.7901
1241502138252
2
1.3768
1241502138284
2
1.0318
1241502138316
2
0.93918
1241502138332
2
1.02051
1241502138348
1
-0.05386
1241502138364
2
0.9404
1241502138380
0
0.5806
1241502138396
2
1.14594
1241502138412
0
0.31555
1241502138412
2
1.11298
1241502138444
2
1.09955
1241502138476
2
1.09375
1241502138508
2
0.99594
1241502138524
2
1.1264
1241502138556
2
1.17508
1241502138588
2
1.11176
1241502138604
2
1.12549
1241502138668
2
1.26846
1241502138684
2
1.14426
1241502138716
2
1.30981
1241502138748
2
1.14594
1241502138764
2
1.14014
1241502138796
2
0.93689
1241502138828
2
1.02188
1241502138860
2
1.0939
1241502138876
2
1.25015
1241502138908
1
-0.5191
1241502138908
2
1.32889
1241502138940
1
-0.12115
1241502138940
2
1.05026
1241502138956
2
1.0968
1241502138988
2
1.15921
1241502139020
2
1.10245
1241502139036
2
1.16638
1241502139068
2
1.18149
1241502139100
1
0.08072
1241502139100
2
1.07864
1241502139116
2
1.22101
1241502139148
2
1.15906
1241502139180
2
1.19446
1241502139212
2
1.17523
1241502139228
2
1.14746
1241502139260
2
1.31912
1241502139276
0
0.10254
1241502139292
2
1.30798
1241502139308
2
1.23276
1241502139340
2
1.35452
1241502139372
2
1.20605
1241502139388
0
-0.35416
1241502139388
2
1.12732
1241502139420
2
1.05377
1241502139436
0
0.04288
1241502139452
2
1.15036
1241502139468
0
-0.41916
1241502139468
2
1.13846
1241502139500
2
1.19858
1241502139532
2
1.26678
1241502139564
1
-0.1947
1241502139564
2
1.29166
1241502139580
0
-0.63599
1241502139580
2
1.42761
1241502139612
2
1.83823
1241502139644
1
-0.41962
1241502139644
2
1.91757
1241502139660
2
2.01172
1241502139692
2
2.00882
1241502139724
2
1.73782
1241502139740
2
1.43723
1241502139772
0
-0.33646
1241502139772
2
1.32736
1241502139788
1
-0.19806
1241502139804
2
1.14502
1241502139820
2
1.07056
1241502139852
2
0.94864
1241502139868
0
-0.11734
1241502139884
2
1.04553
1241502139916
2
0.93338
1241502139932
2
0.78644
1241502139964
2
0.84579
1241502139980
0
0.13855
1241502139996
2
0.69351
1241502140012
2
0.59998
1241502140028
1
0.0351
1241502140044
2
0.48706
1241502140076
2
0.43427
1241502140092
0
0.46616
1241502140092
2
0.33401
1241502140124
2
0.40375
1241502140140
0
0.74173
1241502140140
1
0.35248
1241502140156
2
0.61157
1241502140172
0
0.94574
1241502140172
2
0.63293
1241502140204
0
0.71823
1241502140204
2
0.83527
1241502140236
2
1.02951
1241502140268
2
1.00861
1241502140284
0
0.46494
1241502140284
2
1.11465
1241502140316
2
1.23322
1241502140348
2
0.80627
1241502140364
0
0.25162
1241502140364
2
1.2088
1241502140380
0
-0.12802
1241502140396
2
1.35117
1241502140412
1
0.02426
1241502140428
2
1.4978
1241502140444
2
1.30371
1241502140476
0
-0.33691
1241502140476
2
1.25687
1241502140492
0
-0.77774
1241502140508
2
1.41464
1241502140524
0
-1.15036
1241502140524
2
1.3385
1241502140556
0
-0.75485
1241502140556
2
0.93201
1241502140572
0
-0.26001
1241502140588
1
0.23605
1241502140588
2
0.82153
1241502140604
0
-0.64957
1241502140620
2
0.96527
1241502140636
2
1.28723
1241502140652
0
0.0090
1241502140668
2
1.12915
1241502140684
0
-0.23285
1241502140700
2
0.94437
1241502140716
2
1.30234
1241502140732
0
-0.43579
1241502140748
2
1.59439
1241502140780
2
1.34827
1241502140796
0
0.19913
1241502140796
2
1.10184
1241502140828
0
-0.08652
1241502140828
2
1.38031
1241502140860
1
0.59082
1241502140860
2
1.24496
1241502140876
0
0.14465
1241502140876
2
1.3385
1241502140908
0
0.44144
1241502140908
2
1.80527
1241502140940
2
2.13135
1241502140956
0
0.08789
1241502140972
1
0.36911
1241502140972
2
2.3642
1241502140988
2
2.49741
1241502141020
2
2.20139
1241502141052
2
2.02759
1241502141068
2
1.97144
1241502141100
2
1.73615
1241502141116
0
-0.20355
1241502141132
2
1.53259
1241502141148
2
1.50452
1241502141180
2
1.45187
1241502141212
1
0.12756
1241502141212
2
1.28311
1241502141228
2
1.23795
1241502141260
2
1.29166
1241502141292
2
1.23734
1241502141324
2
1.24649
1241502141340
2
1.03699
1241502141372
2
1.02478
1241502141404
2
0.96344
1241502141420
2
0.42526
1241502141436
1
-0.08392
1241502141452
2
0.51041
1241502141468
0
0.53055
1241502141484
2
0.31281
1241502141500
0
0.14084
1241502141500
2
0.49622
1241502141532
2
0.45578
1241502141548
0
0.40833
1241502141564
2
0.55161
1241502141580
2
0.37781
1241502141612
2
0.18768
1241502141628
1
-0.29449
1241502141644
2
-0.10803
1241502141676
2
-0.19348
1241502141692
2
-0.17334
1241502141724
2
-0.03052
1241502141756
2
0.08774
1241502141772
2
0.20493
1241502141804
2
0.41489
1241502141836
2
0.38483
1241502141852
0
0.20248
1241502141852
2
0.47195
1241502141884
2
0.69855
1241502141916
1
-0.06592
1241502141916
2
0.60333
1241502141932
2
0.44357
1241502141964
0
-0.25558
1241502141964
2
0.64178
1241502141996
2
0.57953
1241502142012
0
-0.57953
1241502142028
1
0.35797
1241502142028
2
0.60547
1241502142044
0
-0.21347
1241502142044
2
1.12762
1241502142076
2
1.36566
1241502142108
2
1.95511
1241502142124
2
1.86279
1241502142140
0
-0.74249
1241502142156
2
1.71173
1241502142172
0
-0.28534
1241502142188
2
1.91086
1241502142204
2
1.78879
1241502142220
1
0.5722
1241502142235
0
-0.57693
1241502142236
2
1.71509
1241502142252
0
-0.25299
1241502142268
2
1.82251
1241502142300
2
1.95007
1241502142316
2
1.89163
1241502142348
2
1.73065
1241502142380
2
1.79916
1241502142396
2
1.80328
1241502142428
2
1.42014
1241502142460
2
1.44669
1241502142476
2
1.47568
1241502142508
2
1.42929
1241502142540
2
1.26328
1241502142556
2
1.2262
1241502142588
2
1.25168
1241502142620
1
0.36942
1241502142620
2
1.27731
1241502142652
2
1.20682
1241502142667
2
1.31622
1241502142700
2
1.39938
1241502142731
2
1.35483
1241502142747
2
1.34262
1241502142780
2
1.37619
1241502142811
2
1.53046
1241502142827
2
1.55487
1241502142860
2
1.51276
1241502142875
1
0.16541
1241502142891
2
1.62262
1241502142907
2
1.64429
1241502142940
2
1.35483
1241502142971
2
1.35239
1241502143004
1
-0.09262
1241502143004
2
1.54922
1241502143019
2
1.49994
1241502143052
2
1.27304
1241502143083
2
1.21292
1241502143099
2
1.20224
1241502143131
2
1.21872
1241502143148
1
-0.34714
1241502143163
2
1.38855
1241502143179
0
0.12497
1241502143180
2
1.39038
1241502143211
2
1.21078
1241502143243
2
1.20529
1241502143260
2
1.082
1241502143291
2
0.81879
1241502143307
0
0.33813
1241502143323
2
0.50049
1241502143355
2
0.85266
1241502143371
2
0.69962
1241502143403
2
0.7019
1241502143419
0
0.00504
1241502143435
2
0.74554
1241502143451
2
0.49118
1241502143483
2
0.20386
1241502143499
0
0.23819
1241502143515
2
0.14435
1241502143531
2
-0.07645
1241502143547
0
0.48737
1241502143563
2
-0.35385
1241502143579
0
0.81741
1241502143595
2
-0.39017
1241502143611
2
-0.45715
1241502143627
1
-0.13077
1241502143643
2
-0.47272
1241502143675
2
-0.3624
1241502143691
0
0.41245
1241502143707
2
-0.2327
1241502143723
2
-0.19714
1241502143739
0
0.11551
1241502143755
2
-0.04883
1241502143787
2
0.59357
1241502143803
0
-0.15808
1241502143804
2
0.78568
1241502143819
0
-0.36972
1241502143867
2
1.11465
1241502143883
0
-0.10254
1241502143884
2
0.99182
1241502143899
0
-0.47012
1241502143900
1
0.08743
1241502143915
2
1.00601
1241502143947
2
1.34766
1241502143963
2
1.24344
1241502143979
1
0.31799
1241502143995
2
1.49963
1241502144027
1
0.62057
1241502144028
2
1.52298
1241502144043
2
1.53214
1241502144075
2
2.14294
1241502144091
0
-0.69473
1241502144107
2
2.46735
1241502144139
1
0.30899
1241502144140
2
2.40387
1241502144155
2
2.15729
1241502144187
2
1.68076
1241502144203
0
-0.46875
1241502144219
2
1.51566
1241502144235
0
-0.13657
1241502144236
2
1.62491
1241502144267
2
1.50528
1241502144283
0
-0.40939
1241502144299
2
1.37238
1241502144315
2
1.60797
1241502144347
0
-0.18982
1241502144348
2
1.53503
1241502144379
2
1.56067
1241502144411
2
1.58188
1241502144427
2
1.66855
1241502144459
2
1.83914
1241502144491
2
1.87805
1241502144508
2
1.82816
1241502144539
2
1.87256
1241502144571
2
1.92154
1241502144587
2
1.91071
1241502144619
2
1.76041
1241502144651
2
1.8129
1241502144667
0
-0.39307
1241502144668
2
1.85013
1241502144699
2
1.89011
1241502144715
1
0.5162
1241502144731
2
1.698
1241502144763
2
1.67175
1241502144779
2
1.50833
1241502144811
1
0.242
1241502144812
2
1.20102
1241502144843
1
-0.01251
1241502144844
2
0.9642
1241502144859
2
1.12045
1241502144891
2
0.79178
1241502144908
0
-0.10635
1241502144923
2
0.67123
1241502144939
2
0.72464
1241502144971
2
0.73624
1241502145003
2
0.6015
1241502145019
0
0.11612
1241502145020
2
0.36118
1241502145051
2
0.25848
1241502145083
2
0.20782
1241502145099
0
0.33081
1241502145115
2
0.03952
1241502145131
2
-0.16678
1241502145163
2
-0.24048
1241502145179
0
0.6041
1241502145195
2
-0.32791
1241502145211
2
-0.46387
1241502145227
0
0.81131
1241502145243
2
-0.53726
1241502145275
2
-0.40009
1241502145291
2
-0.44327
1241502145323
2
-0.52139
1241502145339
0
0.5806
1241502145355
2
-0.31967
1241502145371
2
-0.04105
1241502145403
2
0.14511
1241502145419
0
0.16342
1241502145435
2
0.06561
1241502145467
2
0.21149
1241502145483
0
-0.21484
1241502145484
2
0.30853
1241502145499
0
-0.42221
1241502145515
1
0.26901
1241502145516
2
0.16891
1241502145547
2
0.53802
1241502145563
2
0.85342
1241502145579
1
0.57526
1241502145595
2
1.31195
1241502145611
0
-0.17227
1241502145612
1
0.87418
1241502145627
2
2.34222
1241502145643
0
-1.35803
1241502145644
2
2.63687
1241502145675
0
-0.6366
1241502145676
2
2.35672
1241502145691
0
0.23712
1241502145692
1
1.40228
1241502145707
2
2.55432
1241502145723
2
3.1
1241502145739
1
0.80933
1241502145755
0
-0.39063
1241502145756
2
3.05588
1241502145771
0
-0.96527
1241502145772
1
0.38147
1241502145787
2
2.79114
1241502145803
0
-0.43411
1241502145819
2
1.75659
1241502145835
0
0.08514
1241502145836
2
1.17783
1241502145851
0
0.40909
1241502145867
2
1.35544
1241502145883
0
0.12238
1241502145899
2
1.72638
1241502145915
2
1.9957
1241502145947
2
1.92566
1241502145979
2
1.87134
1241502145995
2
1.82434
1241502146027
2
1.73355
1241502146059
2
1.66183
1241502146075
2
1.75064
1241502146107
2
1.84052
1241502146123
0
-0.15915
1241502146139
2
1.85959
1241502146171
2
1.78802
1241502146187
2
1.76437
1241502146219
2
1.72852
1241502146251
2
1.70502
1241502146267
2
1.59958
1241502146283
0
-0.42892
1241502146299
2
1.40076
1241502146331
1
0.15945
1241502146332
2
1.35559
1241502146347
2
1.44363
1241502146379
0
-0.01785
1241502146380
2
1.23947
1241502146411
1
-0.15915
1241502146412
2
1.01196
1241502146427
0
-0.22629
1241502146427
2
1.11511
1241502146459
2
0.93582
1241502146491
2
0.74539
1241502146523
2
0.9671
1241502146539
2
0.36804
1241502146555
0
0.03372
1241502146571
2
0.10193
1241502146587
0
0.58319
1241502146603
2
0.20813
1241502146619
2
0.24582
1241502146635
0
0.19348
1241502146651
2
0.01968
1241502146667
0
0.50934
1241502146684
2
0.00992
1241502146699
2
-0.19669
1241502146731
2
-0.47012
1241502146747
0
0.71976
1241502146763
2
-0.74997
1241502146779
2
-0.77347
1241502146811
2
-0.76843
1241502146843
2
-0.76019
1241502146875
1
0.05341
1241502146876
2
-0.52979
1241502146891
2
-0.1889
1241502146907
0
0.42526
1241502146923
2
0.06165
1241502146939
0
0.17303
1241502146955
2
0.24765
1241502146971
2
0.46326
1241502146987
0
-0.19882
1241502147003
2
0.52322
1241502147019
0
-0.43686
1241502147035
2
1.03912
1241502147051
2
1.1377
1241502147083
0
-0.6781
1241502147084
2
1.31485
1241502147099
0
-0.03479
1241502147115
2
1.94458
1241502147131
0
-0.37704
1241502147131
2
1.59393
1241502147147
1
0.30258
1241502147163
0
-0.93582
1241502147163
2
1.72028
1241502147179
0
-0.20126
1241502147195
2
1.9455
1241502147211
0
-0.45868
1241502147227
1
0.56229
1241502147227
2
1.56982
1241502147243
2
1.99387
1241502147259
1
0.79468
1241502147275
1
0.51208
1241502147276
2
2.81052
1241502147307
1
0.11215
1241502147307
2
3.1
1241502147323
2
2.58667
1241502147355
2
1.65009
1241502147387
1
0.38895
1241502147388
2
1.1882
1241502147403
2
0.76599
1241502147419
1
0.65369
1241502147435
2
0.75943
1241502147451
0
-0.74722
1241502147467
2
0.68604
1241502147484
0
-0.08316
1241502147484
2
0.99319
1241502147515
2
0.70221
1241502147547
2
1.04797
1241502147579
2
1.09039
1241502147595
2
0.6546
1241502147611
0
-0.32791
1241502147611
1
0.42221
1241502147627
2
1.1702
1241502147643
0
0.01129
1241502147659
2
1.63055
1241502147675
0
0.75378
1241502147675
2
1.61194
1241502147691
1
1.01059
1241502147707
2
1.66428
1241502147723
0
0.2562
1241502147724
1
0.73792
1241502147739
2
1.83655
1241502147755
2
2.03491
1241502147787
0
-0.03235
1241502147788
2
1.73752
1241502147803
1
0.42755
1241502147819
2
1.91299
1241502147835
2
1.82892
1241502147867
0
-0.47363
1241502147868
2
1.4975
1241502147899
2
1.36917
1241502147915
0
-0.26138
1241502147931
1
0.20966
1241502147931
2
1.56403
1241502147947
2
1.26572
1241502147963
0
-0.55496
1241502147979
2
1.10748
1241502147995
0
-0.26779
1241502148011
2
1.21246
1241502148027
2
1.09787
1241502148043
1
-0.06332
1241502148059
2
0.9436
1241502148091
2
0.81406
1241502148107
2
0.89523
1241502148123
0
-0.05508
1241502148139
2
0.70602
1241502148155
1
-0.2887
1241502148171
2
0.69046
1241502148187
2
0.6218
1241502148219
2
0.74356
1241502148251
2
0.80582
1241502148283
2
0.77972
1241502148299
2
0.72922
1241502148331
1
-0.50049
1241502148332
2
0.91797
1241502148363
2
1.01776
1241502148379
0
0.14496
1241502148379
2
0.93597
1241502148411
2
0.84457
1241502148443
2
0.98145
1241502148459
2
0.9404
1241502148491
2
0.8313
1241502148523
2
0.92331
1241502148539
0
0.56152
1241502148539
2
0.95215
1241502148571
2
0.86273
1241502148635
2
0.94543
1241502148651
0
0.93979
1241502148651
2
0.87296
1241502148667
1
-0.23712
1241502148683
2
0.97214
1241502148699
0
0.38971
1241502148715
2
1.11954
1241502148731
0
0.64056
1241502148731
2
0.93964
1241502148747
0
0.8902
1241502148763
2
0.7869
1241502148779
0
0.57465
1241502148795
2
1.09177
1241502148811
0
0.1059
1241502148812
2
1.02905
1241502148843
2
1.07956
1241502148859
0
0.40771
1241502148875
2
0.97214
1241502148891
2
1.18408
1241502148923
0
0.08163
1241502148923
2
1.27975
1241502148939
1
0.0148
1241502148955
2
1.33133
1241502148971
0
0.32944
1241502148987
2
1.22742
1241502149003
2
1.25916
1241502149035
2
1.30707
1241502149067
2
1.20422
1241502149083
2
1.16959
1241502149115
2
1.34354
1241502149131
0
0.03204
1241502149147
2
1.17996
1241502149163
2
1.14792
1241502149195
2
1.2207
1241502149227
2
1.24008
1241502149243
2
1.22208
1241502149259
1
-0.20554
1241502149275
2
1.15067
1241502149307
2
1.24756
1241502149339
2
1.09634
1241502149355
2
1.07742
1241502149387
2
1.11038
1241502149419
2
1.24344
1241502149435
2
1.27274
1241502149467
2
1.38046
1241502149499
2
1.29288
1241502149515
2
1.28815
1241502149547
2
1.22528
1241502149579
2
1.27106
1241502149627
0
-0.21622
1241502149627
2
1.22147
1241502149691
2
1.16486
1241502149707
2
0.96191
1241502149739
2
1.3974
1241502149771
1
0.01022
1241502149771
2
1.53946
1241502149787
0
-0.75638
1241502149787
2
1.44241
1241502149819
2
1.4975
1241502149835
0
-0.47012
1241502149851
2
1.48087
1241502149867
2
1.6127
1241502149899
0
-0.09781
1241502149899
2
1.27853
1241502149931
1
-0.25665
1241502149931
2
1.10535
1241502149947
2
1.14761
1241502149979
2
1.29227
1241502149995
0
0.28946
1241502150011
2
0.96558
1241502150027
0
0.05722
1241502150043
2
1.00449
1241502150059
2
1.06369
1241502150091
2
0.99899
1241502150123
2
1.14655
1241502150139
0
0.40756
1241502150139
2
1.25702
1241502150171
2
1.01044
1241502150187
0
0.09369
1241502150203
1
-0.01831
1241502150203
2
1.19537
1241502150219
0
0.63736
1241502150219
2
1.27579
1241502150251
2
1.02005
1241502150267
0
0.22827
1241502150283
2
1.15341
1241502150299
0
0.57236
1241502150299
2
1.22589
1241502150331
0
0.86014
1241502150332
2
1.09085
1241502150363
2
1.06277
1241502150379
0
0.58167
1241502150395
2
1.13541
1241502150411
2
1.13647
1241502150443
2
1.05194
1241502150459
0
0.17609
1241502150475
2
0.94376
1241502150491
0
0.53574
1241502150491
2
1.03973
1241502150523
2
1.09802
1241502150539
0
-0.0032
1241502150555
2
1.09161
1241502150571
2
1.29913
1241502150603
0
0.47867
1241502150603
2
1.35147
1241502150619
0
-0.0116
1241502150619
1
0.22476
1241502150635
2
1.30417
1241502150651
2
1.19507
1241502150683
0
0.26978
1241502150683
2
1.34796
1241502150699
0
-0.10818
1241502150715
1
0.00381
1241502150715
2
1.24237
1241502150747
2
1.23978
1241502150763
2
1.31927
1241502150795
1
-0.25909
1241502150795
2
1.29044
1241502150811
0
-0.36545
1241502150827
2
1.41342
1241502150843
2
1.33087
1241502150875
2
1.19995
1241502150891
1
-0.4689
1241502150907
2
1.12015
1241502150923
0
-0.70099
1241502150923
2
1.08948
1241502150955
0
-0.48706
1241502150955
2
0.99091
1241502150971
0
-0.23621
1241502150987
2
0.9761
1241502151003
2
0.95078
1241502151035
2
0.82932
1241502151051
0
-0.03067
1241502151067
2
0.84259
1241502151083
0
0.19287
1241502151099
1
-0.1561
1241502151099
2
0.74585
1241502151115
2
0.78278
1241502151147
2
1.12656
1241502151179
2
1.35788
1241502151195
0
0.64331
1241502151195
2
1.09146
1241502151227
2
1.03226
1241502151243
0
0.13382
1241502151259
2
1.60248
1241502151275
2
1.50574
1241502151307
2
1.10016
1241502151339
2
1.20377
1241502151355
2
1.35727
1241502151371
1
0.05066
1241502151387
2
1.21307
1241502151403
0
0.39032
1241502151419
2
0.97992
1241502151451
1
0.26474
1241502151451
2
0.92224
1241502151467
0
0.69351
1241502151467
2
1.39709
1241502151499
2
1.47095
1241502151515
0
0.23926
1241502151531
2
0.96664
1241502151547
0
0.67795
1241502151547
2
0.9639
1241502151563
0
0.41397
1241502151579
2
0.96603
1241502151611
2
0.93323
1241502151627
2
0.89447
1241502151643
1
0.47989
1241502151659
2
1.20255
1241502151675
0
0.09598
1241502151691
1
0.24185
1241502151691
2
0.99854
1241502151707
0
0.42511
1241502151707
2
1.1055
1241502151739
0
0.63171
1241502151739
2
1.06323
1241502151755
0
0.08072
1241502151771
2
1.19141
1241502151803
2
1.18362
1241502151819
0
0.34851
1241502151819
2
0.90851
1241502151851
2
1.1145
1241502151883
2
1.16455
1241502151931
2
1.05942
1241502151963
2
0.98236
1241502151979
2
1.10184
1241502151995
1
-0.01801
1241502152011
0
0.14008
1241502152011
2
1.11603
1241502152027
1
0.21515
1241502152043
2
0.98328
1241502152059
2
0.94391
1241502152091
2
1.26907
1241502152123
2
1.21811
1241502152155
2
1.19308
1241502152171
2
1.33331
1241502152203
2
1.19995
1241502152235
2
1.07849
1241502152251
2
1.28159
1241502152267
0
-0.10406
1241502152267
1
-0.38574
1241502152283
2
1.25
1241502152299
1
0.60455
1241502152315
1
-0.38849
1241502152315
2
0.61356
1241502152331
0
0.14938
1241502152331
2
1.12381
1241502152347
1
-0.08896
1241502152363
2
1.27335
1241502152395
2
1.21872
1241502152411
0
-0.05966
1241502152411
2
1.22223
1241502152443
2
1.1734
1241502152475
2
1.23718
1241502152507
2
1.21811
1241502152523
2
1.20148
1241502152555
2
1.19537
1241502152587
2
1.21445
1241502152603
2
1.19476
1241502152635
2
1.18317
1241502152667
2
1.24603
1241502152683
2
1.17538
1241502152715
2
1.2114
1241502152747
2
1.19553
1241502152763
2
1.20712
1241502152795
2
1.46957
1241502152827
2
0.83923
1241502152859
2
1.32843
1241502152875
2
1.18469
1241502152891
1
-0.40253
1241502152907
2
1.07849
1241502152923
1
0.12146
1241502152939
2
1.297
1241502152955
2
1.20636
1241502152971
1
0.35019
1241502152987
2
1.15295
1241502153003
1
0.11932
1241502153019
2
1.10336
1241502153035
0
0.16586
1241502153036
2
1.17416
1241502153067
2
1.18454
1241502153099
2
1.21231
1241502153115
2
1.16302
1241502153147
2
1.22223
1241502153179
2
1.15723
1241502153211
2
1.10413
1241502153227
2
1.18164
1241502153259
2
1.21796
1241502153291
2
1.16791
1241502153307
2
1.15067
1241502153339
2
1.1586
1241502153371
2
1.20071
1241502153387
2
1.14243
1241502153419
2
1.11862
1241502153451
2
1.23184
1241502153467
0
-0.06348
1241502153467
2
1.21506
1241502153499
2
1.18378
1241502153531
2
1.20132
1241502153563
2
1.20682
1241502153579
2
1.23306
1241502153611
2
1.24832
1241502153643
2
1.25839
1241502153659
2
1.22452
1241502153691
2
1.20636
1241502153723
2
1.14502
1241502153739
2
1.17935
1241502153771
2
1.14929
1241502153803
2
1.16684
1241502153819
2
1.19263
1241502153851
2
1.16959
1241502153883
2
1.1731
1241502153915
2
1.19537
1241502153931
2
1.18057
1241502153963
2
1.19125
1241502153995
2
1.21353
1241502154011
2
1.20178
1241502154043
2
1.15356
1241502154075
2
1.12732
1241502154091
2
1.21201
1241502154123
2
1.18973
1241502154155
2
1.19583
1241502154171
2
1.17584
1241502154203
2
1.17874
1241502154235
2
1.20438
1241502154267
2
1.16058
1241502154283
2
1.14761
1241502154315
2
1.18744
1241502154347
2
1.20087
1241502154363
2
1.17264
1241502154395
2
1.17844
1241502154427
2
1.19125
1241502154443
2
1.17966
1241502154475
2
1.18454
1241502154507
2
1.19034
1241502154539
2
1.17432
1241502154555
2
1.16943
1241502154619
2
1.19003
1241502154635
2
1.19141
1241502154667
2
1.15662
1241502154699
2
1.15845
1241502154715
2
1.20682
1241502154747
2
1.16699
1241502154779
2
1.15768
1241502154795
2
1.18469
1241502154827
2
1.17828
1241502154859
2
1.1377
1241502154891
2
1.17523
1241502154907
2
1.17966
1241502154939
2
1.14822
1241502154971
2
1.16776
1241502154987
2
1.16455
1241502155019
2
1.18378
1241502155051
2
1.1879
1241502155099
2
1.16562
1241502155147
2
1.18851
1241502155179
2
1.15479
1241502155211
2
1.16989
1241502155243
2
1.19156
1241502155259
2
1.15631
1241502155291
2
1.15906
1241502155323
2
1.16638
1241502155339
2
1.15982
1241502155403
2
1.16745
1241502155419
2
1.16547
1241502155451
2
1.11649
1241502155483
2
1.15128
1241502155499
2
1.16394
1241502155531
2
1.12244
1241502155563
2
1.17508
1241502155595
2
1.18149
1241502155611
2
1.15051
1241502155643
2
1.15463
1241502155675
2
1.17386
1241502155691
2
1.14487
1241502155723
2
1.15112
1241502155755
2
1.15295
1241502155771
2
1.17889
1241502155803
2
1.15982
1241502155835
2
1.12961
1241502155851
2
1.14319
1241502155883
2
1.16043
1241502155915
2
1.16425
1241502155947
2
1.13831
